712743
712746
712749
729501
729504
729508
729518
729521
729526
729534
729535
729543
729544
729545
729546
729547
729557
729561
729565
729566
729571
729575
729580
729582
729583
729586
729587
729589
729590
729595
729597
729600
729601
729602
729603
729605
729609
729610
729613
729617
729624
729632
729633

729643
729647
729657
729658
729659
729664
729665
729667
729668
729671
729678
729685
729688
729693
729699
729720
729722
729723
729727
729729
729730
729734
729737
729739
729741
729742
729743
729746
729749
717500
717508
717510
717515
717521
717522
717523
717526
717533
717535
717543
717544
717545
717550
717551
717553
717554
717555
717558
717561
717566
717567
717568
717570
717571
717574
717575
717576
717580
717588
717590
717601
717603
717604
717607
717611
717616
717617
717618
717624
717630
717638
717642
717646
717650
717654
717661
717669
102011
717680
717682
717685
717693
717701
717703
717704
717706
717709
717712
717715
717717
717730
717732
717733
717736
717741
717744
717746
712014
712017
712028
712035
712046
712048
712058
712065
712070
712075
712082
712088
712089
712090
712093
712096
712097
712098
712100
712101
712109
712111
712112
712133
712140
712145
712146
712152
712157
712158
712166
712172
712173
712181
712182
712184
712185

712210
712216
712218
712221
712228
712238
712239
712240
712245
712247
725504
725506
725507
725511
725515
725518
725519
725521
897960
725525
725528
725529
725530
725531
725535
725536
725538
725541
725551
725552
725561
725564
725567
725579
725590
725604
725606
725611
725615
725624
725625
725630
725634
725641
725648
725650
725651
725652
725671
725675
725677
725678
725690
725705
725709
725710
725718
725719
725724
725729
725736
725738
720250
720257
720259
720262
720265
720279
720282
720288
720299
720306
720308
720310
720312
720314
720319
720320
720325
720327
720331
720332
720357
720363
720366
720372
720375
720377
720380
720382
720384
720394
720409
720412
720415
720420
720421
720430
720434
720435
720440
720441
720443
720449
720452
720457
720459
720460
720468
720469
720470
720471
720474
720478
720479
720486
720497
711251
711255
711257
711263
711268
711270
711272
711279
711284
711287
711289
711290
711291
711296
711303
711305
711309
711310
711313
711314
711316
711317
711330
711332
711335
711336
711339
711341
711352
711353
711361
711362
711363
711367
711371
711381
711395
711397
711399
711404
711405
711407
711408
711409
711414
711417
711421
711426
711427
711432
711433
711439
711448
711453
711456
711457
711458
711460
711461
711462
711463
711464
711469
711471
711476
711485
711486
711494
711495
717250
717257
717259
717261
717269
717280
717282
717284
717295
717301
717302
717305
717307
717315
717322
717325
717328
717339
717347
717350
717358
717365
717369
717381
717387
717392
717398
717403
717412
717418
717420
717421
717422
717423
717427
717431
717433
717437
717440
717448
717452
717453
717454
717459
717461
717465
717471
717473
717475
717478
717489
717491
717492
719252
769022
719260
719262
719266
719271
719275
719276
719278
719292
719307
719309
719322
719329
719341
719342
719343
719347
719356
719362
719368
719371
719378
719379
719382
719390
719392
719399
719400
719405
719407
719411
719414
719417
719418
719420
719423
719431
719434
719435
719437
719449
719454
719459
719461
719464
719466
719468
719482
719495
727753
727756
727761
727763

727772
727775
727776
727778
727780
727782
727784
727786
727789
727797
727798
727800
727801
727804
727809
727812
727817
727821
727830
727831
727835
727836
727837
727841
727843
727844
727849
727852
727860
727873
727876
727878

727895
727896
727899
727904
727907
727913
727915
727919
727925
727930
727931
727932
727934
727938
727943
727951
727953
727955
727959
727965
727967
727969
727974
727978
727980
727985
727990
727994
720000
720001
720012
720013
720015
720023
720027
720033
720041
720044
720048
720049
720056
720060
720061
720073
720076
720080
720082
720086
720093
720095
720111
720113
720121
720122
720125
720130
720131
720138
720143
720153
720162
720164
720173
720177
720185
720186
720189
720191
720192
720196
720200
720202
720204
720211
720212
720214
720215
720219
720225
720226
720227
720229
720232
720235
720237
720242
721002
721005
721025
721027
721028
721030
721034
721035
721038
721047
721048
721055
721057
721059
721063
721065
721069
721070
721077
721089
721095
721096
721101
721104
721109
721111
721119
721123
721127
721133
721136
721139
721142
721144
721150
721158
721162
721163
721164
721165
721173
721175
721176
721182
721199
721201
721209
721211
721213
721218
721222
721224
721225
721226
721228
721232
721233
721244
714255
714261
714263
714266
714271
714272
714281
714295
714297
714298
714305
714315
714318
714320
714328
714331
714334
714335
714336
714342
714344
714351
714359
714360
714361
714363
714366
714378
714379
714380
714384
714385
714386
714390
714396
714402
714408
714409
714414
714425
714426
714435
714445
714446
714453
714454
714469
714487
714488
714494
714496
714497
724257
724258
724262
724264
724275
724276
724282
724286
724291
724298
724301
724306
724307
724308
724320
724321
724328
724332
724338
724340
724348
724354
724356
724357
724364
724379
724384
724387
724399
724401
724406
724409
724414
724427
724430
724431
724439
724441
724443
724453
724454
724461
724463
724464
724465
724470
724475
724476
724481
724482
724487
724489
713009
713010
713014
713019
713024
713028
713029
713032
713039
713042
713048
713051
713052
713059
713061
713065
713066
713067
713069
713075
713077
713085
713088
713092
713094
713096
713098
713100
713101
713103
713107
713111
713113
713114
713117
713118
713119
713121
713129
713130
713139
713142
713150
713151
713153
713154
713157
713167
713172
713174
713178
713183
713184
713192
713195
713209
713217
713227
713228
713233
713236
713237
713241
713242
713245
713247
713249
715250
715251
715253
715255
715256
715262
715263
715268
715272
715274
715276
715277
715278
715281
715294
715295
715296
715299
715320
715323
715326
715331
715332
715335
715339
715341
715344
715350
715353
715355
715358
715360
715367
715369
715370
715372
715378
715380
715381
715383
715388
715389
715390
715393
715395
715401
715403
715405
715408
715411
715413
715415
715423
715431
715432
715436
715438
715439
715446
715449
715450
715465
715473
715476
715477
715478
715484
715486
715487
715488
715489
715490
715492
715752
715767
715782
715785
715786
715788
715789
715796
715801
715810
715818
715827
715829
715830
715831
715834
715845
715846
715847
715849
715857
715858
715860
715867
715869
715870
715875
715876
715880
715884
715885
715893
715899
715900
715909
715913
715914
715920
715929
715930
715932
715935
715936
715944
715945
715946
715950
715952
715953
715954
715957
715959
715963
715964
715965
715968
715970
715974
715975
715993
715995
718000
718007
718012
718014
718015
718016
718017
718018
718023
718025
718027
830249
718029
718030
718032
718033
718040
718041
718042
718048
718050
718057
718062
718063
718067
718079
718087
718091
718092
718095
718102
718106
718107
718114
718117
718122
718131
718132
718133
718137
718140
718143
718144
718147
718149
718155
718160
718164

718179
718184
718186
718189
718199
718202
718208
718230
718236
718237
718238
718245
718246
711500
711501
711502
711504

711509
711510
711515
711516
711521
711525
711529
711530
711535
711539
711545
711550
711551
711552
711553
711562
711564
711569
711577
711581
711592
711599
711615
711618
711625
711626
711630
711633
711635
711636
711637
711639
711645
711650
711658
711660
711663
711664
711683
711684
711692
711697
711705
711707
711714
711722
711727
711728
711729
711732
711738
711744
711746
711748
714507
714509
714520
714528
714530
714533
714534
714536
714541
714546
714549
714554
714556
714558
714561
714570
1572132
714574
714577
714582
714588
714589
714593
714600
714607
714609
714610
714613
714614
714618
714626
714627
714630
714631
714639
714641
714643
714647
714655
714668
714671
714679
714680
714685
714687
714690
714691
714696
714697
714699
714711
714713
714716
714717
714721
714722
714724
714727
714737
714738
714740
714747
716501
716504
716505
716507
716513
716517
716526
716528
716534
716536
716540
716543
716545
716546
716555
716574
716578
716588
716589
716591
716593
716594
716595
716596
716599
716609
716610
716618
716622
716626
716627
716628
716630
716635
716638
716639
716641
716645
716648
716653
716663
716672
716673
716692

716713
716714
716719
716725
716726
716728
716730
716734
716741
716744
710503
710505
710509
710511
710519
710520
710522
710524
710526
710527
710530
710531
710541
710545
710551
710558
710559
710561
710567
710574
710582
710591
710602
710603
710605
710610
710613
710628
710632
710638
710639
710646
710652
710654
710659
710665
710667
710669
710671
710677
710683
710687
710705
710722
710726
710734
710739
710740
727009
727015
727017
727018
727022
727024
727026
727027
727029
727033
727038
727040
727042
727043
727050
727058
727063
727066
727068
727069
727077
727082
727089
727092
727093
727094
727120
727122
727123
727125
727126
727127

727131
727132
727141
727147
727151
727154
727173
727176
727182
727184
727195
727197
727201
727209
727222
727228
727232
727236
727238
727239
727243
727244
727246
727247
726003
726004
726005
726023
726028
726029
726035
726046
726050
726051
726054
726069
726070
726073
726081
726083


726095
726096
726098
726103
726104
726110
726117
726118
726126
726133
726138
726143
726154
726156
726164
726165
726166
726174
726178
726180
726182
726189
726190
726192
726193

726197
726202
726205
726209
726214
726220
726228
726248
726249
722252
722255
722257
722259
722261
722264
722265
722266
722274
722276
722280
722281
722283
722284
722292
722298
722299
722300
722302
722305
722307
722308
722331
722334
722337
722340
722341
722349

722357
722362
722367
722373
722381
722382
722385
722393
722395
722398
722400
722402
722404
722409
722412
722413
722416
722418
722420
722428
722432
722435
722438
722444
722448
722451
722455
722459
722461
722462
722465
722470
722473
722478
722479
722480
722482
722485
722486
722491
722492
722494
722498
716005
716017
716023
1220919
716025
716033
716045
716048
716049
716050
716055
716059
716061
716063
716069
716083
716085
716096
716097
716099
716102
716103
716115
716120
716121
716126
716132
716133
716136
716137
716143
716160
716161
716167
716171
716172
716178
716180
716183
716184
716187
716191
716196
716197
716202
716203
716205
716215
716225
716228
716233
716241
716245
728251
728254
728259
728263
728269
728277
728281
728282
728284
728289
728291
728293

728303
728305
728309
728311
728322
728343
728351
728353
728358
728362
728364
728376
728384
728389
728390
728393
728394
728397
728402
728403
728408
728410
728422
728426
728427
728430
728438

728450
728455
728456
728458
728467
728468
728485
728486
728494
728495
728497
728753
728754
728756
728758
728760
728768
728770
728777
728784
728794
728798
728803
728805
728806
728808
728809
728816
728817
728820
728823
728824
728827
728831
728843
728845
728846
728847
728851
728852
728860
728864
728868
728869
728881
728883
728884
728885
728887
728889
728890
728895
728899
728901
728903
728912
728918
728921
728926
728927
728929
728934
728935
728937
728941
728953
728960
728961
728963
728966
728968
728971
728977
728978
728984
728985
801432
728992
728995
728996
728999
710250
710252
710260
710264
710268
710272
710274
710277
710283
710286
710287
710289
710298
710299
710302
710304
710307
710310
710318
710325
710327
802375
710336
710337
710342
710346
710352
710368
710369
710371
710376
710384
710387
710390
710399
710400
710401
710403
710406
710415
710416
710421
710422
710423
710426
710434
710436
710437
710438
710439
710440
710443
710451
710466
710469
710470
710477
710481
710486
710489
710491
710493
710494
710497
710498
725001
725003
725005
725006
725009
725010
725013
725016
725017
725021
725023
725028
725044
725048
725049
725056
725060
725061
725062
725070
725072
725079
725091
725092
725095
725097
725102
725107
725116
725125
725130
725136
725152
725157
725161
725165
725174
725177
725178
725182
725183
725184

725192
725195
725198
725207
725216
725222
725224
725232
725236
725243
725245
719757
719758
719762
719763
719766
719772
719774
719778
719789
719790
719792
719795
719796
719799



719807
719808
719809
719811
719815
719822
719826
719828
719829
719830
719834
719836
719841
719843
719862
719865
719883
719888
719890
719891
719899
719902
719903
719910
719914
719916
719917
719920
719922
719924
719925
719926
719928
719933
719937
719938
719939
719944
719945
719951
719954
719957
719961
719962
719969
719974
719978
719979
719980
719981
719983
719987
719994
719996
719999
729754
729759
729763
729764
729770
729774
729777
729778
729780
729781
729789
729791
729801
729813
729815
729816
729824
729826
729827
729832
729837
729847
729855
729856
729857
729859
729869
729878
729879
729881
729883
729885
729887
729893
729894
729895
729897
729899
729906
729909
729917
729921
729929
729930
729932
729934
729936
729939
729941
729942
729948
729959
729962
729965
729972
729979
729987
729992
729998
714750
714754
714756
714758
714779
714783
714789
714798
714801
714802
714810
714811
714814
714815
714817
714819
714820
714822
714826
714831
714833
714835
714847
714849
714853
714872
714877
714879
714881
714882
714885
714888
714890
714895


714909
714911
714922
714929
714932
714934
714951
714962
714963
714964
714966
714974
714975
714977
714984
714986
714988
714991
714994
715506
715507
715510
715518
715522
715525
715540
715543
715547
715550
715553
715555
715560
715561
715563
715574
715581
715585
715589
715590
715601
715605
715610
715612
715616
715623
715627
715628
715629
715639
715643
715646
715655
715664
715666
715671
715678
715679
715680
715681
715682
715685
715686
715689
715691
715694
715699
715700
715712
715715
715727
715729
715733
715740
715743
715744
714004
714008
714012
714018
714019
714021
714027
714029
714032
714039
714041
714056
714057
714065
714066
714070
714074
714078
714079
714092
714094
714095
714098
714102
714104
714110
714111
714118
714119
714124
714126
714131
714132
714141
714142

714153
714154
714157
714158
714162
714171
714175
714181
714184
714189
714199
714203
714207
714210
714211
714212
714216
714221
714224
714225
714228
714231
714233
714234
714243
714249
712252
712253
712255
712260
712264
712269
712272
712278
712281
712284
712285
712286
712301
712316
712317
712323
712328
712332
712343
712346
712350
712355
712357
712362
712371
712375
712376
712379
712382
712383
712384
712385
712388
712392
712395
712396
712399
712413
712425
712428
712431
712433
712441
712444
712447
712450
712452
712458
712460
712463
712468
712470
712471
712473
712476
712481
712483
712484
712485
712486
712490
712494
712496
712499
729012
729014
729020
729025
729044
729050
729055
729068
729073
729074
729082
729086
729087
729090
729093
729096
729108

729115
729119
834731
729122
729124
729127
729132
729139
729143
729148
729149
729152
729157
729160
729161
729165
729179
729180
729187
729199
729204
729205
729212
729216
729219
729223
729227
729230
729232
729234
726257
726260
726263
726268
726278
726287
726290
726292
726294
726297
726301
726302
726304
726307
726328
726331
726334
726346
726349
726352
726356
726357
726363
726364
726366
726369
726374
726375
726379
726380
726388
726390
726395
726400
726401
726403
726404
726407
726408
726413
726414
726415
726418
726425
726427
726431
726433
726438
726443
726447
726451
726458
726465
726466


726473
726477
726481
726482
726486
726488
726493
726497
726498
721750
721751
721754
721760
721765
721770
721775
721784
721793
721796
721797
721800
721806
721809
721810

721818
721819
721821
721831
721836
721840
721853
721857
721860
721865
721867
721880
721882
721886
721902
721905
721906
721923
721935
721937
721938
721940
721943
721947
721948
721950
721959
721960
721968
721969
721971
721973
721983
721984
721985
721986
721987
721991
721993
721994
721995
723757
723762
723766
723773
723774
723776
723781
723783
723794
723801
723802
723805
723809
723813
723814
723819
723820
723829
723838
723842
723845
723847
723850
723857
723858
723859
723863
723871
723877
723884
723888
723891
723893
723894
723897
723898
723900
723902
723908
723915
723937
723941
723946
723955
723963
723965
723970
723979
723982
723984
723987
723992
723994
723996
721254
721263
721266
721267
721269
721270
721271
1571726
721276
1574028
721279
721282
721289
721294
721298
721299
721303
721304
721311
721312
721314

721321
721330
721342
721356
721365
721370
721374
721384
721390
721395
721397
721405
721406
721407
721415
721416
721424
721426
721431
721444
721446
721449
721462
721468
721469
721472
721475
721477
721479
721481
721483
721489
721491
721493
721495
724008
724013
724021
724022
724023
724034
724035
724036
724040
724043
724047
724050
724052
724053
724054
724057
724058
724059
724063
724068
724072
724075
724080
724082
724085
724088
724097
724099
724111
724116
724120

724132
724134
724144
724156
724159
724162
724167
724172
724173
724175
724178
724180
724181
724189
724192
724193
724199
724204
724208
724210
724213
724216
724218
724222
724224
724228
724232
724233
724234
724246
724247
723250
723254
723255
723258
723264
723267
723279
723281
723291
723293
723297
723300
723302
723304
723306
723312
723319
723328
723330
723335
723348
723351


723359
723376
723378
723379
723380
723381
723385
723389
723390
723392
723394
723409
723410
723416
723418
723419
723428
723436
723440
723441
723445
723446
723460
723462
723464
723469
723470
723472
723476
723477
723489
723496
723499
728502
728508
728510
728513
728518
728526
728531
728532
728535
728536
728539
728546
728553
728562
728563
728565
728566
728570
728585
728587
728588
728613
728616
728624
728629
728631
728633
728634
728645
728646
728649
728651
728659
728662
728672
728673
728681
728687
728698
728701
728706
728709
728722
728724
728726
728728
728734
728748
726504
726505
726509
726517
726523
726541
726557
726561
726566
726568
726578
726586
726588
726591
726593
726594
726599

726606
726609
726612
726613
726620
726624
726625
726626
726634
726644
726650
726651
726659
726662
726667
726675
726679
726698
726703
726709
726716
726723
726725
726730
726737
726743
716757
716758
716763
716764
716772
716776
716779
716782
716783
716792
716794
716802
716803
716804
716805
716807
716810
716820

716824
716828
716831
716838
716841
716847
716852
716853
716862
716864
716868
716871
716872
716875
716887
716890
716891
716895
716899
716905
716908
716919
716920
716922
716941
716943
716944
716945
716950
716951
716955
716958
716959
716960
716963
716967
716979

716991
717001
717005
717013
717015
717020
717024
717028
717029
717035
717040
717046
717047
717050
717051
717055
717056
717058
717061
717073
717074
717078
717084
717094
717095
717097
717098
717101
717104
717111
717117
717119
717123
717128
717135
717141
717148
717149
717151
717157
717164
717170
717171
717175
717178
717186
717187
717188
717192
717195
717201
717205
717208
717210
717214
717225
717238
717245
723503
723508
723518
723521
723522
723523
723526
723527
723529
723533
723536
723537
723540
723545
723547
723550
723560
723562
723563
723572
723573
723577
723580
723586
723587
723589

723593
723598
723608
723612
723614
723617
723621
723623
723624
723630
723631
723636
723638
723642
723645
723647
723648
723655
723657
723659
723660
723669
723673
723674
723679
723680
723684
723686
723688
723689
723691
723702
723704
723716
723723
723729
723734
723735
723739
723749
725250
725251
725255
725256
725261
725263
725266
725267
725273
725274
725275
725282
725288
725290
725291
725294
725296
725300
725302
725310
725313
725317
725322
725325
725329
725335
725337
725340
725350
725352
725354
725358
725359
725368
725373
725378
725381
725388
725389
725390
725393
725394
725399
725406
725419
725420
725425
725427
725431
725435
725436
725437
725438

725455
725459
725460
725466
725467
725473
725476
725481
725484
725488
725498
725499
711754
711755
711764
711779
711782
711783
711784
711790
711791
711792
711794
711797
711803
711805
711807
711809
711810
711813
711823
711824
711828
711830
711831
711837
711840
711848
711851
711853
711854
711857
711862
711868
711870
711873
711879
711885
711895
711899
711901
711904
711909
711915
711922
711932
711938
711940
711942
711944
711945
711946
711947
711965
711975
711987
711995
711996
711999

727506
727507
727509
727510
727511
727513
727515
727519
727521
727522
727525
727526
727530
727533
727535
727540
727541
727542
727553
727555
727564
727566
727578
727579
727580
727581
727589
727591
727598
727600
727614
727618
727631
727632
727633
727642
727644
727645
727647
727669
727672
727684
727695
727708
727709
727711
727712
727720
727722
727724
727735
727737
727739
727741
727743
727749
711000
711005
711006
711009
711013
711018
711022
711028
711038
711040
711049
711055
711056
711058
711059
711060
711062
711064
711067
711069
711072
711075
711082
711087
711088
711093
711095
711096
711097
711109
711118
711123
711124
711126
711133
711135
711136
711139
711149
711153
711156
711157
711160
711164
711171
711180
711182
711183
711198
711200
711201
711206
711207
711209
711218
711232
711235
711237
711241
711249
713502
713510
713518
713526
713530
713531
713535
713537
713545
713555
713560
713575
713583
713588
713594
713597
713606
713608
713618
713624
713629
713632
713634
713641
713649
713651
713653
713658
713659
713661
713665
713668
713670
713672
713681
713682
713687
713692
713695
713696
713708
713710
713711
713713
713717
713728
713729
713732
713734
713736
713738
713740
713741
713742
722509
722512
722516
722519
722525
722526
722528
722535
722537
722550
722551
722553
722559
722563
722572
722577
722579
722580
722586
722595
722598
722602
722614
722616
722623
722626
722630
722635
722636
722645
722646
722652
722664
722667
722670
722674
722677
722679
722680
722681
722682
722685
1066210
722704
722707
722709
722711
722714
722718
722721
722726
722736
722740
722743
722746
718763
718764
718765
718767
718788
718795
718800
718815
718821
718826
718829
718831
718835
718838
718851
718852
718853
718858
718862
718867
718870
718879
718882
718886
718890
718892
718895
718896
718899
718911
718920
718923
718924
718931
718935
718940
718948
718952
718955
718957
718963

718974
718975
718976
718981
718982
718986
718992
719502
719508
719510
719516
719519
719520
719529
719530
719535
719542
719548
719549
719559
719560
719563
719582
719585
719588
719603
719609
719613
719624
719628
719635
719643
719653
719654
719656
719660
719664
719667
719670
719676
719683
719691
719693
719699
719704
719705
719708
719710
719711
719712
719719
719720
719721
719724
719727
719728
719740
719741
719742
718251
718255
718257
718259
718268
718277
718278
718297
718298
718299
718300
718302
718303
718311
718318
718321

718341
718342
718344
718351
718353
718354
718355
718358
718362
718365
718367
718373
718380
718384
718387
718394
718401
718409
718415
718418
718431
718434
718441
718449
718457
718466
718475
718482
718483
718484
718495
719001
719004
719005
719008
719016
719017
719025
719026
719035
719036
719039
719045
719046
719047
719055
719056
719059
719065
719066
719069
719070
719075
719080
719081
719083
719093
719104
719107
719110
719115
719118
719122
719123
719127
719131
719133
719144
719152
719158
719160
719163
719167
719177

719190
719191
719192
719193
719200
719211
719218
719220
719222
719223
719228
719233
719235
719238
719240
719244
710758
710760
710763
1502802
710769
710773
710779
710782
710788
710793
710794
710797
710799
710813
710814
710815
710817
710818
710819
710820
710827
710831
710837
710839
710843
710845
710851
710853
710855
710861
710879
710892
710893
710898
710902
710907
710921
710927
710930
710934
710939
710940
710943
710948
710950
710955
710961
710968
710969
710976
710978
710983
710984
710987
710988
710990
710995
721502
721508
721514
721517
721523
721534
721539
721540
721544
721548
721553
721558
82382
721571
745791
721577
721579
721592
721595
721601
721603
721619
721620
721624
721625
721639
721641
721650
721651
721654
721657
721658
721666
721675
721677
721680
721682
721683
721686
721693
721695
721705
721717
1125659
721735
721741
721743
721744
721747
724506
724509
724516
724526
724531
724532
724536

724547
724556
724561
724563
724564
724568
724598
724604
724606
724611
724623
724632
724635
724643
724648
724649
724650
724653
724659
724660
724664
724665

724686
724689
724690
724695
724696
724704
724705
724713
724715
724717
724725
724727
724741
720504
720506
720509
720511
720514
720521
720523
720524
720525
720528
720531
720535
720537
720539
720542
720546
720560
720561
720567
720568
720573
720576
720577
720578
720580
720584
720585
720593
720594
720599
720603
720612
720613
720616
720617
720621
720625
720626
720630
720631
720640
720641
720643
720650
720651
720658
720659
720660
720666
720668
720671
720672
720675
720679
720680
720686
720689
720690
720701
720707
720709
720714
720715
720717
720718
720725
720727
720728
720734
720740
720744
720747
712750
712751
712760
712761
712762
712763
712765
712772
712775
712776
712787
712789
712791
712794
712796
712805
712808
712809
712812
712814
712818
712819
712822
712824
712826
712827
712834
712836
712839
712843
712845
712851
712859
712860
712864
712867
712868
712872
712880
712890
712891
712896
712898
712899
712911
712914
712937
712939
712945
712947
712949
712950
712954
712960
712963
712965
712967
712968
712985
712986
712987
712990
712992
723001
723002
723003
723007
723008
723009
723013
723015
723016
723026
723027
723034
723040
723041
723043
723044
723049
723053
723055
723058
723060
723062
723068
723069
723070
723075
723083
723087
723091
723092
723097
723099
723105
723109
723111
723115
723118
723126
723131
723133
723138
723141
723148
723149
723157
723158
723161
723162
723164
723172
723176
723179
723184
723185
723192
723195
723196
723197
723201
723204
723207
723208
723210

723219
723220
723224
723227
723249
726750
726752
726754
726756
726758
726759
726765
726768
726771
726772
726773
726776
726784
726786
726791
726793
726796
726809
726813
726834
726839
726843
726854
726857
726863
726865
726870
726873
726874
726878
726880
726881
726885
25308
726889
726890
726891
726892
726895
726896
726902
726904
726909
726914
726917
726927
726928
726945
726954
726956
726958
726964
726974
726975
726976
726979
726984
726987
726991
726993
726997
717753
717755
717758
717763
717764
717777
717780
717782
717787
717790
717794
717795
717805
717807
717813
717815
717816
717819
717829
717835
717852
717853
717860
717867
717870
717881
717882
717888
717891
717892
717893
717901
717909
717917
717920
717923
717924
717926
717932
717933
717938
717943
717946
717952
717962
717963
717967
717969
717973
717974
717975
717978
717982
717983
717988
717990
717993
717995
728000
728008
728010
728012
728013
728015
728016
728017
728027
728033
728041
728044
728048
728049
728052
728053
728054
728058
728059
728061
728065
728075
728077
728082
728097
728102
728105
728112
728113
728121
728122
728124
728127
728130
728133
728137
728142
728144
728147
728159
728161
728169
728170
728171
728174
728179
728188
728192
728193
728199
728200
728201
728204
728205
728207
728208
728212
728216
728218
728221
728223
728225
728235
728240
728241
728246
716257
716261
716270
716273
716278
716281
716288
716293
716296
716297
716301
716304
716305
716312
716313
716316
716322
716325
716329
716330
716332
716335
716341
716346
716349
716359
716364
716372
716373
716375
716378
716384
716388
716390
716396
716397
716398
716405
716409
716415
716419
716438
716442
716444
716445
716451
716456
716461
716463
716470
716471
716476
716479
716484
716486
716487
716491
722753
722755
722758
722764
722780
722781
722783
722784
722787
722791
722801
722804
722805
722815
722816
722818
722821
722828
722831
722835
722838
722848
722852
722854
722858
722859
722860
722863
722865
722867
722878
722895
722903
722908
722909
722910
722912
722919
722920
722929
722932
722933
722936
722949
722952
722954
722956
722963
722973
722979
722982
722987
722992
722993
722996
729251
729252
729253
729257
729260
729267
729274
729281
729288
729291
729293
729296
729297
729300
729306
729309
729311
729316
729319
729322
729324
729329
729333
729337
729359
729361
729362
729368
729370
729371
729372
729373
729378
729379
729382
729394
729398
729402
729407
729408
729410
729413
729423
729426
729435
729436
729438
729442
729444
729448
729450
729454
729458
729459
729464
729467
729471
729473
729477
729478
729480
729482
729483
729492
729493
729497
725753
725756
725758
725761
725763
725765
725768
725770
725771
725778
725780
725784
725788
725800
725802
725805
725807
725812
725817
725821
725834
725842
725846
725847
725854
725859
725861
725863
725864
725876
725880
725882
725886
725892
725897
725900
725901
725902
725904
725906
725910
725916
725917
725922
725941
725943
725947
725949
725950
725951
725968
725976
725983
725985
725988
725992
725993
725996
725997
722004
722012
722014
722015
722025
722028
722033
722039
722040
722044
722045
722055
722059
722071
722072
722075
722076
722077
722081
722084
722090
722095
722100
722108
722112
722118
722125
722128
722140
722142
722144
722146
722150
722151
722158
722159
722168
722174
722176
722186
722187
722194
722197
722209
722215
722217
722218
722220
722222
722223
722228
722230
722235
722236
722237
722240
722244
722246
724750
724751
724752
724758
724766
724782
724783

724794
724800
724801
724802
724807
724812
724818
724826
724832
724836
724842
724852
724855
724864
724872
724874
724877
724878
724880
724883
724886
724888
724889

724898
724899
724900
724904
724909
724922
724924
724926
724928
724929
724932
724938
724940
724941
724942
724944
724945
724950
724952
724953
724956
724957
724971
775126
724974
724984
724986
724987
724988
724991
724992
724995
724998
710002
710008
710010
710016
710017
710022
710024
710026
710037
710043
710050
710051
710058
710064
710068
710076
710077
710099
710101
710103
710107
710108
710111
710114
710118
710120
710125
710130
710131
710133
710135
710142
710147
710148
710150
710151
710154
710156
710157
710158
710173
710177
710188
710194
710205
710207
710210
710213
710215
710217
710227
710229
710230
710235
710245
710248
710249
713750
713752
713755
713756
713759
713764
713767
713770
713773

713788
713790
713797
713800
713801
713813
713818
713819
713822
713825
713829
713841
713847
713849
713857
713859
713865
713867
713871
713872
713874
713875
713883
713888
713900
713906
713912
713913
713915
713920
713927
713930
713932
713934
713937
713938
713943
713944
713951
713957
713959
713965
713971
713974
713978
713980
713985
713996
713250
713255
713265
713267
713268
713270
713271
713272
713277
713282
713286
713287
713295
713302
713308


713313
713327
713328
713332
713334
713343
713344
713349
713353
713355
713365
713369
713370
713373
713390
713393
713396
713397
713401
713402
713403
713404
713407
713409

713416
713417
713419
713420
713425
713434
713437
713438
713445
713446
713448
713453
713455
713456
713474
713477
713478
713485
713490
713494
713496
713498
718500
718501
718511
718521
718523
718525
718526
718532
718535
718541
718542
718547
718551
718560
718561
718562
718564
718566
718571
718577
718580
718581
718582
718583
718584
718586
1520177
718600
718601
718603
718608
718609
718610
718615
718616
718617
718624
718626
718627
718634
718637
718639
718644
718645
718655
718658
718659
718667
718670
718677
718678
718681
718682
718686
718693
718694
718698
718700
718702
718703
1165110
718710
718717
718720
718721
718725
718730
718731
718737
718739
718742
718747
715000
715002
715005
715008
715012
715019
715024
715030
715034
715040
715043
715052
715054
715059
715060
715065
715067
715076
715086


715094
715095
715100
715102
715111
715114
715117
715122
715123
715128
715130
715131
715135
715136
715143
715144
715145
715152
715155
715156
715158
715160
715162
715167
715177
715183
715198
715203
715226
715231
715234
715238
715244
715247
720754
720756
720757
720758
720765
720768
720784
720785
720789
720796
720803
720804
720813
720814
720820
1544685
720841
720845
720854
720857
720859
720863
720869
720871
720872
720878
720879
720885
720889
720890
720891
720893
720896
720898
720904
720909
720917
720920
720922
720925
720931
720935
720939
720947
720954
720955
720957


720965
720968
720969
720972
720975
720976
720977
720989
727260
727262
742361
727281
727282
727285
727287
727290
727291
727297
727303
727306
727313
727316
727317
727318
727326
727327
727333
727349
727352
727356
727363
727364
727366
727369
727372
727376
727379
727394
727400
727401
727405
727409
727413
727416
727421
727428
727431
727432
727438
727442
727448
727452
727453
727457
727462
727463
727464
727467
727472
727481
727482
727484
727485
727486
727487
19986
19987
19989
19992
19995
19996
19998
19999
20000
20002
20003
20004
20010
20014
20015
20016
20019
20021
20022
20026
20027
20031
20033
20042
20045
20047
20049
20050
20053
20054
20061
20063
20065
20066
20067
20068
20075
20076
20078
20082
20084
20086
20088
20090
20095
20096
20100
20101
20103
20105
20106
20108
20109
20118
20120
20121
20125
20126
20128
20130
20132
20133
20136
20141
20145
20149
20153
20154
22156
22158
22161
22162
22163
22166
22177
22180
22187
22188
22194
22198
22199
22200
22201
22213
22216
22218
22220
1277077
22231
22233
22236
22240
22241
22245
22246
22247
22248
22249
22255
22257
22259
22263
22266
22271
22272
22274
22275
22276
22279
22280
22284
22287
22294
22295
22302
22307
22312
22314
22317
22318
22326
22327
22329
22341
22347
22348
22351
22352
22355
22358
22361
22368
22371
22374
22375
22376
22377
22381
22391
22393
22397
22400
22404
15664
15669
15673
15679
15683
15686
15687
15690
15693
15697
15699
15705
15706
15711
15712
15713
15719
15726
15734
15735
15740
15741
15747
15751
15752
15753
15757
15759
15763
15764
15771
15779
15781
15785
15787
15791
15793
15794
15796
15799
15801
15802
15806
15807
15809
15810
15815
15816
15820
15825
15829
15832
15834
15835
15836
15840
15844
15845



15855
15868
15872
15873
15878
15892
15900
15902
15905
18661
18664
18666
18667
18672
18674
18676
18680
18687
18689
18692
18693
18694
18700
18706
18715
18717
18719
18725
18729
18733
18736
18740
18741
18743
18744
18745
18753
18756
18757
18766
18772
18773
18775
29240
18780
18781
18786
18790
18791
18792
18794
18798
18800
18802
18809
18812
18817
18818
18820
18824
18826
18829
18833
18834
18839
18842
18845
18848
18849
18850
18851
18854
18856
18858
18864
18866
18867
18868
18870
18871

18879
18880
18887
18895
18897
18899
18900
18902
18903
18904
20657
20659
20662
20663
20668
20670
20671
20676
20677
20679
20690
20692
20699
20702
20703
20712
20715
20717
20718
20721
20723
20725
20727
20738
20739
20744
20752
20753
20755
20758
20761
20764
20767
20773
20774
20778
20779
20782
20784
20788
20790
20796
20797
20800
20803
20806
20807
20808
20825
20829
20834
20836
20838
20844
20848
20850
20854
20856
20873
20875
20879
20880
20881
20884
20886
20887
20889
20891
20892
20898
20902
20903
20904
14662
14669
14670
14671
14675
14682
14685
14691
14695
14696
14697
14698
14699
14701
14705
14714
14717
14719
14722
14726
14728
14734
14740
14741
14756
14759
14763
14784
14799
14801
14802
14811
14813
14816
14819
14824
14825
14831

14842
14844
14845
14846
14847
14852
14862
14865
14869
14870
14871
14874
14876
170148
14879
14883
14898
14904
14905
20158
20159

20162
20168
20175
20178
20181
20186
20187
20191
20192
20200
20201
20204
20206
20207
20208
20209
20212
20213
20214
20216
20219
20224
20228
20233
20237
20238
20240
20245
20252
20255
20257
20259
20262
20267
20269
20277
20281
20282
20283
20285
20287
20292
20294
20295
20303
20305
20308
20310
20311
20315
20324
20330
20333
20337
20341
20347
20351
20357
20358
20359
20361
20367
20375
20378
20379
20381
20388
20389
20398
20400
20405
14406
14414
14416
14421
14422
14424
14425
14433
14435
14439
14443
14444
14448
14450
14453
14461
14463
14465
14471
14472
14476
14483
14484
14485
14488
14492
14493
14497

14513
14514
14516
14519
14520
14526
14527
14540
14541
14547
14550
14553
14560
14566
14567
14569
14575
14585
14587
14589
14604
14605
14613
14616
14626
14632
14635
14636
14637
14643
14649
14650
14653
14654
23909
23913
23916
23918
23920
23926
23927
23931
23943
23944
23948
23949
23958
23959
23961
23964
23965
23970
23980
23986
23987
23992
23996
23997
23999
24000
1664240
24007
24026
24028
24029
24030
24035
24036
24037
24038
24039
24040
24048
24059
24062
24066
24067
24068
24074
24075
24079
24084
24085
24086
24088
24092
24100
24106
24108
24109

24117
24120
24129
24131
24132
24133
24138
24139
24145
24146
24153
18907
18909
18912
18916
18917
18922
18923
18926
18927
18928
18934
18935
18939
18941
18943
18945
18946
18947
18948
18953
18957
18963
18964
18966
18986
18991
18992
18994
18995
18996
18998
19002
19007
19011
19015
19029
19030
19035
19039
19041
19043
19044
19047
19048
19050
19057
19062
19065
19067
19069
19070
19075
19077
19078
19081
19083
19085
19092
19094
19100
19101
19102
19113
19114
19115
19119
19121
19124
19125
19126
19128

19132
19133
19134
19138
19144
19145
19146
19148
19155
19656
19662
19666
19671
19674
19679
19680
19687
19689
19692
19695
19698
19700
19704
19706
19709
19711
19715
19716
19719
19725
19728
19731
19732
19735
19736
1043575
19739
19741
19749
19751
19752
19756
19758
19759
19773
19775
19777
19779
19791
19792
19797
19798
19799
19800
19806
19807
19815
19817
19819
19820
19821
19825
19829
19830
19832
19833
19834
19839
19841
19844
19848
19853
19855
19859
19862
19866
19875
19877
19882
19884
19893
19898
19901
19905
18156
18159
18163
18170
18184
18187
18189
18206
18210
18211
18215
18218
18229
18234
18236
18239
18242
18247
18250
18251
18255
18258
18261
18264
18265
18271
18272
18273
18276
18278
18280
18284
18286
18290
18295
18298
18313
18314
18317
18322
18327
18328
18330
18332
18338
18339
18341
18344
18346
18350
18351
18353
18355
18358
18362
18363
18365
18366
18368
18371
18372
18373
18377
18383
18385
18388
18392
18393
18394
18397
18399
18402
18403
16406
16407
16411
16414
16417
16426
16428
16430
16433
16436
16443
16447
16453
16458
16461
16462
16463
16467
16468
16470
16479
16486
16487
16491
16494
16496
16498
16500
16507
16510
16516
16517
16519
16520
16523
16534
16536
16539
16542
16548
16552
16554
16555
16558
16560
16565

16572
16574
16582
16583
16586
16587
16591
16596
16598
16602
16605
16608
16609
16610
16612
16613
16615
16618
16635
16641
16643
16649
16651
16652
20907
20912
20922
20923
20928
20935
20942
20943
20945
20949
20951
20952
20953
20963
20967
20972
20979
20981
20982
20984
20985
20986
20993
21008
21011
21012
21013
21015
21016
21021
21023
21033
21037
21044
21045
21049
21051
21052
21061
21072
21073
21075
21079
21082
21085
21089
21095
21098
21100
21102
21105
21110
21113
21115
21117
21124
21133
21136
21137
21145
21150
21151
21152
21159
21161
21162
21164
21167
21169
21172
21176
21177
21183
21186
21187
21191
21195
21197
21200
21203
21205
21206
21207
21210
21212
21214
21215
21217
21219
21226
21229
21231
21232
21234
21235
21237
21244
21247
21253
21260
21265
21267
21268
21279
21281
21287
21293
21305
21306
21315
21319
21323
21331
21333
21334
21339
21341
21343
21346
21348
21350
21351
21353
21356
21358
21360
21363
21375
21380
21383
21384
21386
21388
21390
21399
21400
21402
15913
15915
15917
15921
15923
15926
15928
15929
15932
15933
15935
15942
15943
15944
15946
15950
15953
15955
15956
15958
15959
15961
15962
15963
15965
15966
15971
15972
15983
15986
15987
15988
15991
15993
15994
1565397
15998
15999
16010
16012
16013
16015
16016
16017
16018
16020
16026
16027
16029
16031
16034
16035
16036
16040
16051
16054
16055
16056
16059
16069
16070
16074
16079
16081
16083
16086
16090
16091
16094
16096
16101
16105
16107
16108
16109
16113
16115
16116
16123
16126
16129
16135
16139
16143
16144
16149
16154
15157
15159
15164
15171
15172
15174
15179
15181
15184
15189
15192
15194
15195
15200
15201
15206
15208
15210
15212
15219
15224
15230
15232
15236
15239
15241
15245
15247
15248
15249
15256
15260
15262
15263
15266
15271
15279
15280
15287
15288
15290
15294
15295
15296
15302
15305
15306
15309
15310
15315
15318
15327
15328
15330
15331
15336
15337
15339
15340
15343
15347
15348
15351
15355
15356
15363
15365
15369
15373
15380
15381
15386
15388
15401
15403
17662
17664
17666
17677
17679
17685
17686
17688
17692
17694
17695
17696
17698
17699
17706
17710
17714
17716
17718
17722
17726
17727
17728
17729
17730
17731
17732
17735
17741
17744
17747
17749
17754
17757
17761
17763
17766
17767
17775
17777
17782
17785
17789
17791
17792
17799
17801
17813
17814
17819
17829
17830
17834
17844
17849
17858
17862
17871
17872
17873
17874
17880
17887
17889
17892
17894
17901
17905
22906
22908
22913
22914
22927
22928
22930
22934
22935
22938
22939
22941
22942
22944
22947
22951
22952
22953
22956
22960
22963
22964
22965
22980
22983
22989
22991
22992
23001
23003
23008
23013
23014
23016
23019
23023
23028
23032
23033
23034



23043
23044
23049
23057
23059
23060
23061
23064
23065
23067
23068
23073
23089
23090
23095
23100
23102
23104
23109
23110
23111
23120
23121
23124
23126
23129
23131
23132
23133
23134
23136
23150
23151
23152
23657
23660
23661
23665
23668
23670
23672
23677
23679
23681
23683
23688
23693
23695
23698
23699
23707
23713
23725
23726
23728
23729
23731
23735
23737
23739
23741
23742
23743
23745
23749
23755
23756
23757
23758
23759
23760
23762
23766
23768
23779
23780
23781
23782
23786
23787
23798
23806
23807
23808
23810
23811
23813
23815
23816
23817
23823
23827
23832
23833
23834
23837
23840
23842
23844
23846
23850
23862
23865
23866
23873
23875
23877
23878
23881
23886
23888
23889
23895
23898
23901
23902
23903
22406
22408
22409
22410
22413
22418
22420
22425
22427
22428
22431
22433
22437
22438
22439
22443
22445
22455
22464
22466
22473
22480
22483
22486
22489
22500
22501
22502
22504
22505
22513
22516
22518
22523
22524
22528
22530
22534
22539
22545
22548
22563
22567
22568
22570
22572
22575
22576
22581
22584
22586
22595
22597
22598
22602
22613
22625
22633
22635
22640
22643
22647
22649
22652
22655
23159
23162
23163
23164
23165
23170
23173
23174
23175
23181
23182
23186
23193
23194
23197
23198
23200
23202
23208
23212
23213
23214
23216
23220
23222
23226
23227
23234
23235
23236
23237
23238
23248
23249
23254
23256
23259
23264
23272
23273
23285
23291
23298
23301
23308
23317
23318
23327
23328
23329
23333
23336
23339
23342
23344
23350
23351
23356
23357
23359
23362
23366
23371
23373
23375
23379
23381
23382
23383
23386
23393
23397
23399
23400
23405
14906
14908
14909
14910
14911
14912
14917
14924
1169844
14930
14932
14934
14937
14939
14942
14947
14959
14962
14966
14969
14972
14973
14974
14975
14976
14977
14980
14981
14982
14983
14986
14991
14996
14999
15007
15013
15014
15018
15021
15022
15031
15032
15033
15034
15036
15038
15039
15042
15045
15046
15049
15050
15051
15052
15059
15062
15064
15067
15079
15080
15084
15087
15091
15092
15094
15096
15100
15101
15102
15104
15105
15109
15113
15122
15124
15125
15129
15131
15139
15143
15148
16908
16909
16910
16913
16916
16919
16920
16922
16924
16926
16936
16941
16943
16949
16951
16953
16955
16960
16961
16962
16973
16975
16977
16979
16984
16986
16987
16990
17007
17008
17012
17013
17016
17017
17019
17021
17024
17030
17031
17033
17034
17037
17038
17042
17044
17047
17048
17051
17059
17060
17064
17065
17066
17068
17070
17075
17076
17080
17081
17082
17090
17093
17094
17097
17100
17103
17107
17111
17122
17124
17128
17130
17136
17139
17140
17143
17146
21907
21908
21913
21914
21915
21916
21924
21928
21931
21935
21941
21947
21949
21951
21963
21973
21974
21984
21997
22002
22004
22007
22008
22014
22015
22017
22019
22024
22026
22036
22038
22041
22044
22055
22059
22082
22086
22089
22090
22092
22093
22097
22098
22099
22100
22108
22128
22135
22136
22141
22147
22149
20408
20410
20412
20416
20417
20422
20425
20432
20436
20437
20439
20441
20444
20449
20451
20455
20456
20464
20470
20471
20476
20478
20480
20481
20482
20483
20488
20489
20490
20495
20498
20503
20504
20505
20511
20523
20525
20526
20527
20528
20531
20534
20536
20544
20554
20555
20563
20573
20574
20575
20577
20581
20584
20589
20590
20592
20595
20600
20603
20611
20616
20621
20622
20628
20631
20641
20645
20646
20647
20648
20649
20655
14157
14160
14161
14163
14164
14172
14175
14182
14190
14197
14200
14203
14209
14213
14216
14217
14218
14220
14223
14225
14232
14233
14234
14235
14238
14245
14246
14254
14255
14256
14257
14258
14259
14260
14267
14268
14270
14278
14280
14283
14286
14289
14290
14302
14307
14308
14309
14311
14316
14317
14319
14322
14328
14330
14335
14336
14339
14341
14347
14348
14349
14351
14357
14358
14360
14363
14364
14367
14369
14370
14376
14384
14385
14389
14391
14395
14396
14397
14403
14404
17907
17909
17916
17920
17932
17934
17937
17940
17948
17954
17955
17957
17961
17962
17964
17966
17968
17971
17977
17978
17981
17984
17987
17989
17997
18004
18006
18008
18009
18011
18014
18016
18019
18021
18026
18029
18032
18033
18034
18035
18039
18041
18042
18045
18047
18053
18055
18056
18058
18059
18063
18064
18067
18068
18071
18075
18077
18079
18083
18090
18094
18095
18103
18104
18105
18115
18116
18117
18118
18120
18123
18125
18136
18138
18145
18146
17412
17415
17422
17424
17430
17431
17432
17433
17434
17439
17442
17443
17446
17447
17449
17457
17459
17460
17467
17468
17472
17473
17478
17489
17498
17499
17509
17515
17517
17519
17525
17531
17532
17536
17538
17540
17541
17544
17547
17548
17553
17555
17556
17558
17565
17566
17569
17576
17582
17584
17585
17587
17593
17605
17613
17614
17615
17616
17617
17627
17631
17635
17637
17640
17653
17654
17655
22658
22663
22664
22666
22669
22674
22676
22678
22679
22682
22684
22686
22687
22691
22697
22698
22702
22704
22708
22712
22716
22722
22727
22729
22730
22737
22741
22743
22747
22752
22753
22754
22755
22756
22759
22762
22765
22769
22776
22778
22785
22789
22790
22792
22795
22797
22800
22801
22804
22812
22819
22820
22828
22832
22833
22839
22841
22842
22849
22850
22852
22853
22856
22860
22862
22863
22867
22872
22873
22874
22877
22882
22883
22887
22889
22891
22896
22898
22899
22901
19156
19161
19164
19165
19167
19168
19171
19174
19177
19186
19192
19211
19212
19213
19222
19225
19228
19229
19231
19232
19233
19236
19244
19246
19252
19255
19258
19264
19277
19283
19284
19287
19293
19296
19301
19302
19304
19308
19313
19318
19320
19340
19347
19352
19353
19354
19364
19366
19369
19370
19376
19378
1167439
19387
19391
19392
19398
19403
13660
13666
13671
13672
13673
13676
13680
13684
13698
13700
13702
13704
13707
13710
13713
13716
13723
13724
13725
13727
13728
13730
13732
13734
13738
13739
13745
13747
13750
13751
13754
13756
13760
13763
13767
13768
13769
13773
13774
13777
13778
13785
13787

13791
13792
13793
13801
13802
13819
13820
13825
13837
13844
13845
13847
13848
13849
13850
13854
13856
13858
13863
13875
13876
13879
13885
13888
13890
13895
1330543
13898
13899
13410
13412
13417
13418
13420
13421
13433
13436
13438
13445
13446
13447
13451
13455
13458
13461
13462
13472
13479
13483
13488
13493
13494
13496
13500
13503
13507
13521
13525
13527
13529
13530
13531
13536
13537
13539


13543
13550
13552
13555
13557
13559
13561
13565
13567
13568
13570
13581
13583
13588
13589
13595
13603
13604
13605
13610
13618
13622
13627
13628
13631
13633
13634
13639
13641
13642
13647
13648
13649
13650
13653
13907
13911
13913
13914
13915
13916
13921
13923
13926
13933
13938
13946
13949
13953
13954
13955
13956
13958
13959
13961
13964
13965
13969
13975
13984
13986
13990
13993
13997
13998
14001
14002
14005
14013
14014
14015
14019
14021
14023
14026
14027
14028
14031
14035
14038
14040
14046
14048
14053
14060
14061
14065
14070
14072
14077
14078
14083
14086
14088
14090
14095
14096
14098
14110
14111
14112
14114
14115
14116
14121
14122
14125
14128
14133
14134
14138
14142
14143
14146
14153
14155
13161
13166
13167
13176
13178
13184



13199
13201
13209
13211
13215
13219
13220
13221
13224
13231
13243
13249
13253
13254
13257
13260
13271
13280
13286
13289
13293
13295
13298
13301
13302
13303
13306
13309
13318
13321
13329
13331
13338
13339
13346
13348
13350
13351
13353
13354
13356
13363
13364
13365
13375
13382
13384
13394
13396
13398
13401
13405
